name: rnaseq
channels:
  - bioconda
  - conda-forge
  - defaults
dependencies:
  - _libgcc_mutex=0.1=main
  - _r-mutex=1.0.0=anacondar_1
  - bioconductor-biobase=2.32.0=0
  - bioconductor-biocgenerics=0.18.0=r3.2.2_0
  - bioconductor-ebseq=1.12.0=0
  - bzip2=1.0.8=h7b6447c_0
  - ca-certificates=2021.5.25=h06a4308_1
  - cairo=1.16.0=hf32fb01_1
  - curl=7.71.1=hbc83047_1
  - fontconfig=2.13.1=h6c09931_0
  - freetype=2.10.4=h5ab3b9f_0
  - fribidi=1.0.10=h7b6447c_0
  - glib=2.68.2=h36276a3_0
  - graphite2=1.3.14=h23475e2_0
  - harfbuzz=2.8.1=h6f93f22_0
  - htslib=1.9=h4da6232_3
  - icu=58.2=he6710b0_3
  - jpeg=9b=h024ee3a_2
  - krb5=1.18.2=h173b8e3_0
  - libcurl=7.71.1=h20c2e04_1
  - libdeflate=1.2=h516909a_1
  - libedit=3.1.20210216=h27cfd23_1
  - libffi=3.3=he6710b0_2
  - libgcc=7.2.0=h69d50b8_2
  - libgcc-ng=9.1.0=hdf63c60_0
  - libpng=1.6.37=hbc83047_0
  - libssh2=1.9.0=h1ba5d50_1
  - libstdcxx-ng=9.1.0=hdf63c60_0
  - libtiff=4.2.0=h85742a9_0
  - libuuid=1.0.3=h1bed415_2
  - libwebp-base=1.2.0=h27cfd23_0
  - libxcb=1.14=h7b6447c_0
  - libxml2=2.9.10=hb55368b_3
  - lz4-c=1.9.3=h2531618_0
  - mysql-connector-c=6.1.6=2
  - ncurses=6.2=he6710b0_1
  - openssl=1.1.1k=h27cfd23_0
  - pango=1.45.3=hd140c19_0
  - pcre=8.44=he6710b0_0
  - perl=5.26.2=h14c3975_0
  - perl-app-cpanminus=1.7044=pl526_1
  - perl-carp=1.38=pl526_3
  - perl-constant=1.33=pl526_1
  - perl-cpan-meta=2.150010=pl526_0
  - perl-cpan-meta-requirements=2.140=pl526_0
  - perl-cpan-meta-yaml=0.018=pl526_0
  - perl-data-dumper=2.173=pl526_0
  - perl-encode=2.88=pl526_1
  - perl-exporter=5.72=pl526_1
  - perl-extutils-cbuilder=0.280230=pl526_1
  - perl-extutils-makemaker=7.36=pl526_1
  - perl-extutils-manifest=1.72=pl526_0
  - perl-extutils-parsexs=3.35=pl526_0
  - perl-file-path=2.16=pl526_0
  - perl-file-temp=0.2304=pl526_2
  - perl-getopt-long=2.50=pl526_1
  - perl-ipc-cmd=1.02=pl526_0
  - perl-json-pp=4.04=pl526_0
  - perl-locale-maketext-simple=0.21=pl526_2
  - perl-module-build=0.4224=pl526_3
  - perl-module-corelist=5.20190524=pl526_0
  - perl-module-load=0.32=pl526_1
  - perl-module-load-conditional=0.68=pl526_2
  - perl-module-metadata=1.000036=pl526_0
  - perl-params-check=0.38=pl526_1
  - perl-parent=0.236=pl526_1
  - perl-perl-ostype=1.010=pl526_1
  - perl-scalar-list-utils=1.52=pl526h516909a_0
  - perl-text-abbrev=1.02=pl526_0
  - perl-text-parsewords=3.30=pl526_0
  - perl-version=0.9924=pl526_0
  - pixman=0.40.0=h7b6447c_0
  - r=3.2.2=0
  - r-base=3.2.2=0
  - r-bitops=1.0_6=r3.2.2_1a
  - r-blockmodeling=0.1.8=r3.2.2_0
  - r-boot=1.3_17=r3.2.2_0a
  - r-catools=1.17.1=r3.2.2_0
  - r-class=7.3_14=r3.2.2_0a
  - r-cluster=2.0.3=r3.2.2_0a
  - r-codetools=0.2_14=r3.2.2_0a
  - r-crayon=1.3.1=r3.2.2_0a
  - r-digest=0.6.9=r3.2.2_0
  - r-foreign=0.8_66=r3.2.2_0a
  - r-gdata=2.17.0=r3.2.2_0a
  - r-gplots=2.17.0=r3.2.2_0a
  - r-gtools=3.5.0=r3.2.2_0a
  - r-kernsmooth=2.23_15=r3.2.2_0a
  - r-lattice=0.20_33=r3.2.2_0a
  - r-magrittr=1.5=r3.2.2_0
  - r-mass=7.3_45=r3.2.2_0a
  - r-matrix=1.2_2=r3.2.2_0a
  - r-memoise=0.2.1=r3.2.2_1a
  - r-mgcv=1.8_9=r3.2.2_0a
  - r-nlme=3.1_122=r3.2.2_0a
  - r-nnet=7.3_11=r3.2.2_0a
  - r-praise=1.0.0=r3.2.2_0a
  - r-r6=2.1.1=r3.2.2_0a
  - r-recommended=3.2.2=r3.2.2_0
  - r-rpart=4.1_10=r3.2.2_0a
  - r-spatial=7.3_11=r3.2.2_0a
  - r-survival=2.38_3=r3.2.2_0a
  - r-testthat=1.0.2=r3.2.2_0
  - readline=8.1=h27cfd23_0
  - rsem=1.3.3=pl526ha52163a_0
  - samtools=1.7=1
  - tk=8.6.10=hbc83047_0
  - ucsc-bigwigsummary=357=1
  - xz=5.2.5=h7b6447c_0
  - zlib=1.2.11=h7b6447c_3
  - zstd=1.4.9=haebb681_0
prefix: 
